0  0  2  0  3  0  0  0  0  
3  1  0  0  5  0  0  0  0  
0  0  8  7  2  0  0  0  0  
8  9  0  3  0  2  0  0  0  
6  0  1  0  9  8  0  0  0  
0  2  3  0  0  7  0  0  0  
0  0  0  0  0  0  0  0  0  
0  0  0  0  0  0  0  0  0  
0  0  0  0  0  0  0  0  0  

Examined 183 positions - depth= 27
Solution:
5  6  2  8  3  9  1  4  7  
3  1  7  6  5  4  8  9  2  
9  4  8  7  2  1  5  3  6  
8  9  5  3  1  2  7  6  4  
6  7  1  4  9  8  2  5  3  
4  2  3  5  6  7  9  8  1  
1  8  4  9  7  6  3  2  5  
2  3  9  1  4  5  6  7  8  
7  5  6  2  8  3  4  1  9  

